time of when notes happen in ms
0	0	1
1010	1	2
1516	2	2
2010	3	0
3341	4	1
3512	5	0
3852	6	0
4025	7	0
4342	8	1
4510	9	2
4848 10	1	
5002 10	0
5505 11 	0
6022 12	3
7017	13	0
8016	14	0
9016	15	3
9512	16	3
10008	17	2
10344	18	1
10508	19	2
10853	20	2
11016	21	2
12011	22	3
12508	23	0
13003	24	3
13510	25	1
14014	26	3
14339	27		1
14509	28	0
14883	29
15005	30
15342	31
15508	32
15847	33
16010	34
16346	35
16496	36
17504	37	
18007	38
18337	39	
18519	40
20018	41
21011	42
21517	43
22023	44
22508	45
23014	46
23515	47
24010	48
25009	49
25519	50	
26018	51
27341	52
27510	53
27847	54
28013	55
28340	56
28506	57
28855	58
29004	59
29516	60
30006	61